0 0.000000
1 0.198669
2 0.389418
3 0.564642
4 0.717356
5 0.841471
6 0.932039
7 0.985450
8 0.999574
9 0.973848
10 0.909297
11 0.808496
12 0.675463
13 0.515501
14 0.334988
15 0.141120
16 -0.058375
17 -0.255542
18 -0.442521
19 -0.611858
20 -0.756803
21 -0.871576
22 -0.951602
23 -0.993691
24 -0.996165
25 -0.958924
26 -0.883455
27 -0.772765
28 -0.631267
29 -0.464603
30 -0.279417
31 -0.083091
32 0.116547
33 0.311539
34 0.494111
35 0.656985
36 0.793666
37 0.898707
38 0.967919
39 0.998543
40 0.989359
41 0.940732
42 0.854601
43 0.734399
44 0.584920
45 0.412122
46 0.222894
47 0.024780
48 -0.174322
49 -0.366475
50 -0.544017
51 -0.699871
52 -0.827824
53 -0.922773
54 -0.980935
55 -0.999990
56 -0.979179
57 -0.919331
58 -0.822832
59 -0.693530
60 -0.536579
61 -0.358236
62 -0.165611
63 0.033616
64 0.231503
65 0.420160
66 0.592067
67 0.740371
68 0.859158
69 0.943693
70 0.990606
71 0.998027
72 0.965660
73 0.894795
74 0.788258
75 0.650295
76 0.486407
77 0.303128
78 0.107764
79 -0.091897
80 -0.287893
81 -0.472413
82 -0.638099
83 -0.778346
84 -0.887563
85 -0.961395
86 -0.996900
87 -0.992660
88 -0.948846
89 -0.867204
90 -0.750990
91 -0.604835
92 -0.434568
93 -0.246975
94 -0.049536
95 0.149877
96 0.343316
97 0.523067
98 0.681965
99 0.813676
100 0.000000
101 0.564642
102 0.932039
103 0.973848
104 0.675463
105 0.141120
106 -0.442520
107 -0.871576
108 -0.996165
109 -0.772765
110 -0.279416
111 0.311541
112 0.793667
113 0.998543
114 0.854599
115 0.412118
116 -0.174327
117 -0.699875
118 -0.980936
119 -0.919328
120 -0.536571
121 0.033625
122 0.592076
123 0.943697
124 0.965657
125 0.650285
126 0.107749
127 -0.472426
128 -0.887569
129 -0.992659
130 -0.750983
131 -0.246968
132 0.343321
133 0.813678
134 0.999793
135 0.836651
136 0.381243
137 -0.207345
138 -0.723501
139 -0.986917
140 -0.905574
141 -0.507888
142 0.067218
143 0.618843
144 0.954288
145 0.956373
146 0.624368
147 0.074253
148 -0.501800
149 -0.902560
150 -0.988030
151 -0.728351
152 -0.214239
153 0.374714
154 0.832767
155 0.999912
156 0.817761
157 0.349944
158 -0.240118
159 -0.746300
160 -0.991779
161 -0.890803
162 -0.478645
163 0.100716
164 0.644895
165 0.963794
166 0.946014
167 0.597766
168 0.040702
169 -0.530581
170 -0.916517
171 -0.982289
172 -0.704921
173 -0.181305
174 0.405646
175 0.850893
176 0.998901
177 0.797965
178 0.318279
179 -0.272591
180 -0.768238
181 -0.995518
182 -0.875037
183 -0.448882
184 0.134080
185 0.670204
186 0.972207
187 0.934593
188 0.570500
189 0.007115
190 -0.558754
191 -0.929436
192 -0.975441
193 -0.680697
194 -0.148168
195 0.436120
196 0.868060
197 0.996763
198 0.777270
199 0.286255
200 -0.304756
201 -0.789308
202 -0.998133
203 -0.858283
204 -0.418612
205 0.167292
206 0.694756
207 0.979524
208 0.922115
209 0.542586
210 -0.026483
211 -0.586300
212 -0.941307
213 -0.967490
214 -0.655703
215 -0.114861
216 0.466106
217 0.884248
218 0.993499
219 0.755694
220 0.253905
221 -0.336581
222 -0.809489
223 -0.999621
224 -0.840559
225 -0.387866
226 0.200319
227 0.718527
228 0.985734
229 0.908598
230 0.514064
231 -0.060047
232 -0.613181
233 -0.952115
234 -0.958449
235 -0.629971
236 -0.081427
237 0.495561
238 0.899437
239 0.989115
240 0.733268
241 0.221271
242 -0.368022
243 -0.828755
244 -0.999982
245 -0.821887
246 -0.356686
247 0.233116
248 0.741484
249 0.990831
250 0.894055
251 0.484961
252 -0.093543
253 -0.639370
254 -0.961848
255 -0.948326
256 -0.603528
257 -0.047902
258 0.524458
259 0.913610
260 0.983614
261 0.710014
262 0.188388
263 -0.399048
264 -0.847085
265 -0.999213
266 -0.802288
267 -0.325103
268 0.265650
269 0.763604
270 0.994811
271 0.878503
272 0.455310
273 -0.126934
274 -0.664837
275 -0.970495
276 -0.937132
277 -0.576404
278 -0.014322
279 0.552763
280 0.926753
281 0.977003
282 0.685959
283 0.155292
284 -0.429623
285 -0.864459
286 -0.997316
287 -0.781784
288 -0.293153
289 0.297884
290 0.784862
291 0.997667
292 0.861959
293 0.425146
294 -0.160182
295 -0.689554
296 -0.978047
297 -0.924881
298 -0.548629
299 0.019274
300 0.912947
301 0.975821
302 0.999793
303 0.983906
304 0.928793
305 0.836651
306 0.711155
307 0.557307
308 0.381241
309 0.189976
310 -0.008863
311 -0.207348
312 -0.397568
313 -0.571937
314 -0.723505
315 -0.846229
316 -0.935216
317 -0.986918
318 -0.999275
319 -0.971794
320 -0.905570
321 -0.803244
322 -0.668895
323 -0.507878
324 -0.326614
325 -0.132329
326 0.067232
327 0.264112
328 0.450463
329 0.618855
330 0.762576
331 0.875894
332 0.954294
333 0.994648
334 0.995348
335 0.956367
336 0.879258
337 0.767096
338 0.624352
339 0.456716
340 0.270873
341 0.074230
342 -0.125371
343 -0.319975
344 -0.501822
345 -0.663662
346 -0.799045
347 -0.902572
348 -0.970116
349 -0.998984
350 -0.988025
351 -0.937677
352 -0.849946
353 -0.728330
354 -0.577678
355 -0.403996
356 -0.214207
357 -0.015879
358 0.183083
359 0.374746
360 0.551468
361 0.706205
362 0.832788
363 0.926170
364 0.982628
365 0.999911
366 0.977331
367 0.915788
368 0.817734
369 0.687080
370 0.529034
371 0.349897
372 0.156811
373 -0.042527
374 -0.240170
375 -0.428238
376 -0.599233
377 -0.746338
378 -0.863689
379 -0.946608
380 -0.991787
381 -0.997427
382 -0.963302
383 -0.890774
384 -0.782732
385 -0.643486
386 -0.478585
387 -0.294605
388 -0.098879
389 0.100788
390 0.296438
391 0.480269
392 0.644953
393 0.783925
394 0.891644
395 0.963816
396 0.997563
397 0.991540
398 0.945987
399 0.862721
400 0.580443
401 0.938849
402 0.969289
403 0.661130
404 0.122021
405 -0.459714
406 -0.880858
407 -0.994294
408 -0.760397
409 -0.260872
410 0.329782
411 0.805235
412 0.999397
413 0.844443
414 0.394495
415 -0.193264
416 -0.713509
417 -0.984500
418 -0.911570
419 -0.520196
420 0.052901
421 0.607518
422 0.949907
423 0.960460
424 0.635490
425 0.088521
426 -0.489372
427 -0.896309
428 -0.990134
429 -0.738070
430 -0.228171
431 0.361436
432 0.824780
433 1.000000
434 0.825883
435 0.363257
436 -0.226269
437 -0.736750
438 -0.989859
439 -0.897174
440 -0.491075
441 0.086574
442 0.633980
443 0.959914
444 0.950516
445 0.609068
446 0.054852
447 -0.518527
448 -0.910765
449 -0.984841
450 -0.714876
451 -0.195180
452 0.392699
453 0.843395
454 0.999463
455 0.806383
456 0.331604
457 -0.259015
458 -0.759152
459 -0.994089
460 -0.881756
461 -0.461394
462 0.120150
463 0.659720
464 0.968827
465 0.939488
466 0.581953
467 0.021120
468 -0.547091
469 -0.924183
470 -0.978425
471 -0.690869
472 -0.161967
473 0.423515
474 0.861049
475 0.997787
476 0.785963
477 0.299574
478 -0.291467
479 -0.780688
480 -0.997187
481 -0.865333
482 -0.431187
483 0.153588
484 0.684709
485 0.976637
486 0.927391
487 0.554174
488 -0.012636
489 -0.575031
490 -0.936548
491 -0.970895
492 -0.666074
493 -0.128569
494 0.453849
495 0.877721
496 0.994975
497 0.764648
498 0.267202
499 -0.323587
500 0.745060
501 0.597696
502 0.426503
503 0.238307
504 0.040610
505 -0.158706
506 -0.351694
507 -0.530662
508 -0.688473
509 -0.818837
510 -0.916557
511 -0.977736
512 -0.999935
513 -0.982270
514 -0.925444
515 -0.831724
516 -0.704845
517 -0.549866
518 -0.372966
519 -0.181196
520 0.017797
521 0.216081
522 0.405750
523 0.579244
524 0.729644
525 0.850956
526 0.938342
527 0.988319
528 0.998895
529 0.969648
530 0.901744
531 0.797890
532 0.662226
533 0.500161
534 0.318156
535 0.123467
536 -0.076144
537 -0.272719
538 -0.458422
539 -0.625849
540 -0.768325
541 -0.880171
542 -0.956926
543 -0.995531
544 -0.994448
545 -0.953718
546 -0.874967
547 -0.761333
548 -0.617347
549 -0.448749
550 -0.262261
551 -0.065317
552 0.134231
553 0.328427
554 0.509530
555 0.670320
556 0.804385
557 0.906383
558 0.972245
559 0.999347
560 0.986607
561 0.934534
562 0.845205
563 0.722179
564 0.570362
565 0.395806
566 0.205471
567 0.006944
568 -0.191860
569 -0.383015
570 -0.558900
571 -0.712503
572 -0.837701
573 -0.929502
574 -0.984247
575 -0.999752
576 -0.975400
577 -0.912162
578 -0.812558
579 -0.680561
580 -0.521431
581 -0.341513
582 -0.147980
583 0.051453
584 0.248834
585 0.436295
586 0.606362
587 0.752255
588 0.868158
589 0.949450
590 0.992890
591 0.996747
592 0.960866
593 0.886678
594 0.777140
595 0.636620
596 0.470720
597 0.286054
598 0.089984
599 -0.109674
