0 5
1 5
2 5
3 5
4 5
5 5
6 5
7 5
8 5
9 5
10 5
11 5
12 5
13 5
14 5
15 5
16 5
17 5
18 5
19 5
20 5
21 5
22 5
23 5
24 5
25 5
26 5
27 5
28 5
29 5
30 5
31 5
32 5
33 5
34 5
35 5
36 5
37 5
38 5
39 5
40 5
41 5
42 5
43 5
44 5
45 5
46 5
47 5
48 5
49 5
50 5
51 5
52 5
53 5
54 5
55 5
56 5
57 5
58 5
59 5
60 5
61 5
62 5
63 5
64 5
65 5
66 5
67 5
68 5
69 5
70 5
71 5
72 5
73 5
74 5
75 5
76 5
77 5
78 5
79 5
80 5
81 5
82 5
83 5
84 5
85 5
86 5
87 5
88 5
89 5
90 5
91 5
92 5
93 5
94 5
95 5
96 5
97 5
98 5
99 5
100 0
101 0
102 0
103 0
104 0
105 0
106 0
107 0
108 0
109 0
110 0
111 0
112 0
113 0
114 0
115 0
116 0
117 0
118 0
119 0
120 0
121 0
122 0
123 0
124 0
125 0
126 0
127 0
128 0
129 0
130 0
131 0
132 0
133 0
134 0
135 0
136 0
137 0
138 0
139 0
140 0
141 0
142 0
143 0
144 0
145 0
146 0
147 0
148 0
149 0
150 0
151 0
152 0
153 0
154 0
155 0
156 0
157 0
158 0
159 0
160 0
161 0
162 0
163 0
164 0
165 0
166 0
167 0
168 0
169 0
170 0
171 0
172 0
173 0
174 0
175 0
176 0
177 0
178 0
179 0
180 0
181 0
182 0
183 0
184 0
185 0
186 0
187 0
188 0
189 0
190 0
191 0
192 0
193 0
194 0
195 0
196 0
197 0
198 0
199 0
200 0
201 0
202 0
203 0
204 0
205 0
206 0
207 0
208 0
209 0
210 0
211 0
212 0
213 0
214 0
215 0
216 0
217 0
218 0
219 0
220 0
221 0
222 0
223 0
224 0
225 0
226 0
227 0
228 0
229 0
230 0
231 0
232 0
233 0
234 0
235 0
236 0
237 0
238 0
239 0
240 0
241 0
242 0
243 0
244 0
245 0
246 0
247 0
248 0
249 0
250 0
251 0
252 0
253 0
254 0
255 0
256 0
257 0
258 0
259 0
260 0
261 0
262 0
263 0
264 0
265 0
266 0
267 0
268 0
269 0
270 0
271 0
272 0
273 0
274 0
275 0
276 0
277 0
278 0
279 0
280 0
281 0
282 0
283 0
284 0
285 0
286 0
287 0
288 0
289 0
290 0
291 0
292 0
293 0
294 0
295 0
296 0
297 0
298 0
299 0
300 5
301 5
302 5
303 5
304 5
305 5
306 5
307 5
308 5
309 5
310 5
311 5
312 5
313 5
314 5
315 5
316 5
317 5
318 5
319 5
320 5
321 5
322 5
323 5
324 5
325 5
326 5
327 5
328 5
329 5
330 5
331 5
332 5
333 5
334 5
335 5
336 5
337 5
338 5
339 5
340 5
341 5
342 5
343 5
344 5
345 5
346 5
347 5
348 5
349 5
350 5
351 5
352 5
353 5
354 5
355 5
356 5
357 5
358 5
359 5
360 5
361 5
362 5
363 5
364 5
365 5
366 5
367 5
368 5
369 5
370 5
371 5
372 5
373 5
374 5
375 5
376 5
377 5
378 5
379 5
380 5
381 5
382 5
383 5
384 5
385 5
386 5
387 5
388 5
389 5
390 5
391 5
392 5
393 5
394 5
395 5
396 5
397 5
398 5
399 5
400 0
401 0
402 0
403 0
404 0
405 0
406 0
407 0
408 0
409 0
410 0
411 0
412 0
413 0
414 0
415 0
416 0
417 0
418 0
419 0
420 0
421 0
422 0
423 0
424 0
425 0
426 0
427 0
428 0
429 0
430 0
431 0
432 0
433 0
434 0
435 0
436 0
437 0
438 0
439 0
440 0
441 0
442 0
443 0
444 0
445 0
446 0
447 0
448 0
449 0
450 0
451 0
452 0
453 0
454 0
455 0
456 0
457 0
458 0
459 0
460 0
461 0
462 0
463 0
464 0
465 0
466 0
467 0
468 0
469 0
470 0
471 0
472 0
473 0
474 0
475 0
476 0
477 0
478 0
479 0
480 0
481 0
482 0
483 0
484 0
485 0
486 0
487 0
488 0
489 0
490 0
491 0
492 0
493 0
494 0
495 0
496 0
497 0
498 0
499 0
500 5
501 5
502 5
503 5
504 5
505 5
506 5
507 5
508 5
509 5
510 5
511 5
512 5
513 5
514 5
515 5
516 5
517 5
518 5
519 5
520 5
521 5
522 5
523 5
524 5
525 5
526 5
527 5
528 5
529 5
530 5
531 5
532 5
533 5
534 5
535 5
536 5
537 5
538 5
539 5
540 5
541 5
542 5
543 5
544 5
545 5
546 5
547 5
548 5
549 5
550 5
551 5
552 5
553 5
554 5
555 5
556 5
557 5
558 5
559 5
560 5
561 5
562 5
563 5
564 5
565 5
566 5
567 5
568 5
569 5
570 5
571 5
572 5
573 5
574 5
575 5
576 5
577 5
578 5
579 5
580 5
581 5
582 5
583 5
584 5
585 5
586 5
587 5
588 5
589 5
590 5
591 5
592 5
593 5
594 5
595 5
596 5
597 5
598 5
599 5
